3.16
7.59
23.44
3.05
30.01

2.36
7.46
32.43
1.64
26.87

4.11
7.40
22.38
2.20
32.73

2.40
6.35
31.85
2.75
24.64

2.26
7.73
22.76
1.65
30.90

1.95
7.17
31.25
1.85
28.32

2.04
6.12
29.43
1.85
32.34

2.65
6.76
42.28
3.32
18.48

2.18
6.42
23.77
1.95
30.56

3.44
6.41
21.34
3.01
27.86

3.04
7.79
27.03
1.71
16.69

3.25
5.00
24.62
1.51
24.06

2.55
6.57
23.74
1.69
19.30

3.00
6.60
21.11
2.01
20.71

2.59
6.10
25.11
1.34
20.30

2.50
5.75
20.67
1.72
23.63

1.31
7.94
24.13
2.09
20.48

2.84
7.07
21.97
1.91
21.79

3.09
5.43
28.71
1.99
20.98

2.49
5.19
25.30
2.31
21.52

2.68
6.41
23.76
2.11
21.34

3.36
5.29
29.14
1.65
16.87

2.14
7.12
22.22
1.69
23.06

2.45
5.29
24.00
1.41
22.38

2.60
7.88
25.21
2.09
19.05

2.75
6.55
19.86
1.39
25.17

2.00
7.02
25.64
0.85
21.58

2.79
6.32
21.93
2.45
25.67

1.52
5.32
23.20
1.22
28.03

2.67
5.50
19.65
1.67
24.54

1.41
7.10
28.72
1.86
20.12

1.75
5.36
21.76
1.80
23.66

1.95
6.30
20.57
1.20
26.44

2.79
6.70
28.48
1.66
22.44

1.54
5.41
25.19
2.40
24.06

1.53
6.67
20.37
3.48
27.59

2.85
6.45
23.88
1.34
22.84

2.88
5.36
26.44
1.50
23.28

2.87
5.72
28.87
2.20
25.98

1.62
6.37
24.81
1.78
21.78

2.48
5.07
24.89
1.35
24.21

2.86
7.37
21.52
1.94
25.00

2.90
5.73
21.69
1.94
20.12

2.34
6.17
28.84
1.55
18.61

2.59
6.16
29.56
1.70
19.53

